chrom window n_snp_win n_red_vs_black n_trou_vs_eunom_nauman n_red_eunom_vs_nauman_black
NC_046221.1 1 30259 3 6 1
NC_046221.1 2 41142 0 4 1
NC_046221.1 3 44598 0 0 5
NC_046221.1 4 45073 2 3 2
NC_046221.1 5 42893 1 3 3
NC_046221.1 6 41684 1 2 2
NC_046221.1 7 44323 0 0 2
NC_046221.1 8 42074 1 1 1
NC_046221.1 9 42124 0 2 1
NC_046221.1 10 43955 1 2 1
NC_046221.1 11 37121 2 3 0
NC_046221.1 12 47274 3 3 4
NC_046221.1 13 31103 2 0 3
NC_046221.1 14 38192 2 0 1
NC_046221.1 15 41644 2 2 3
NC_046221.1 16 43546 1 4 2
NC_046221.1 17 40742 0 4 2
NC_046221.1 18 45512 0 4 3
NC_046221.1 19 43711 1 0 3
NC_046221.1 20 44291 1 5 0
NC_046221.1 21 46498 0 3 2
NC_046221.1 22 37000 2 2 3
NC_046221.1 23 44865 0 42 3
NC_046221.1 24 42362 0 1 2
NC_046221.1 25 46241 0 1 1
NC_046221.1 26 44990 2 3 2
NC_046221.1 27 44351 2 4 3
NC_046221.1 28 45778 0 2 3
NC_046221.1 29 47616 2 3 5
NC_046221.1 30 44237 0 3 1
NC_046221.1 31 44500 0 4 2
NC_046221.1 32 41562 0 1 4
NC_046221.1 33 47141 1 2 0
NC_046221.1 34 44976 1 7 2
NC_046221.1 35 39853 1 2 1
NC_046221.1 36 41539 0 2 0
NC_046221.1 37 46173 0 0 1
NC_046221.1 38 36210 3 1 1
NC_046221.1 39 49193 0 2 1
NC_046221.1 40 46215 3 3 3
NC_046221.1 41 43718 1 0 3
NC_046221.1 42 44427 0 2 5
NC_046221.1 43 42740 1 3 2
NC_046221.1 44 44191 4 4 3
NC_046221.1 45 45584 1 1 0
NC_046221.1 46 45730 0 1 1
NC_046221.1 47 41456 0 22 1
NC_046221.1 48 39010 0 8 1
NC_046221.1 49 34658 0 940 0
NC_046221.1 50 30671 0 1268 0
NC_046221.1 51 31737 0 1787 0
NC_046221.1 52 34000 0 1600 0
NC_046221.1 53 32136 0 1396 0
NC_046221.1 54 34545 0 238 0
NC_046221.1 55 25844 0 8 0
NC_046221.1 56 34588 0 215 0
NC_046221.1 57 38030 0 373 0
NC_046221.1 58 40841 0 46 0
NC_046221.1 59 45548 1 8 0
NC_046221.1 60 45889 2 0 0
NC_046221.1 61 48436 2 4 0
NC_046221.1 62 46447 2 2 1
NC_046221.1 63 42374 0 2 3
NC_046221.1 64 43093 3 2 2
NC_046221.1 65 45573 1 0 2
NC_046221.1 66 43505 1 2 2
NC_046221.1 67 43031 1 2 1
NC_046221.1 68 38828 0 1 1
NC_046221.1 69 44194 0 4 2
NC_046221.1 70 45552 1 5 1
NC_046221.1 71 43240 0 1 1
NC_046221.1 72 46037 2 2 6
NC_046221.1 73 43035 2 0 3
NC_046221.1 74 40136 3 1 4
NC_046221.1 75 35822 2 3 0
NC_046221.1 76 45437 1 3 2
NC_046221.1 77 46151 1 6 3
NC_046221.1 78 44692 1 3 2
NC_046221.1 79 44292 5 7 1
NC_046221.1 80 32697 0 5 2
NC_046221.1 81 31799 1 3 1
NC_046221.1 82 38933 2 13 4
NC_046221.1 83 36033 0 0 1
NC_046221.1 84 12382 1 3 0
NC_046221.1 85 39445 0 2 0
NC_046221.1 86 48496 0 0 2
NC_046221.1 87 47387 3 7 5
NC_046221.1 88 50589 0 4 0
NC_046221.1 89 50318 2 5 1
NC_046221.1 90 48235 1 3 0
NC_046221.1 91 50204 1 3 1
NC_046221.1 92 50444 0 2 2
NC_046221.1 93 45409 0 1 0
NC_046221.1 94 47981 1 3 2
NC_046221.1 95 44909 0 0 3
NC_046221.1 96 44334 1 2 6
NC_046221.1 97 46316 1 0 3
NC_046221.1 98 46728 1 3 10
NC_046221.1 99 45168 3 1 1
NC_046221.1 100 45320 1 3 3
NC_046221.1 101 39830 1 4 1
NC_046221.1 102 44444 1 2 1
NC_046221.1 103 48472 0 1 2
NC_046221.1 104 48494 0 3 1
NC_046221.1 105 44643 1 4 1
NC_046221.1 106 40892 1 0 2
NC_046221.1 107 45553 0 2 2
NC_046221.1 108 42482 0 2 3
NC_046221.1 109 38290 1 2 2
NC_046221.1 110 47311 0 0 2
NC_046221.1 111 46216 1 4 1
NC_046221.1 112 42416 0 2 2
NC_046221.1 113 46923 1 1 2
NC_046221.1 114 38100 1 0 1
NC_046221.1 115 37632 1 2 1
NC_046221.1 116 38425 1 3 0
NC_046221.1 117 45558 2 0 6
NC_046221.1 118 44311 0 0 3
NC_046221.1 119 44927 4 2 5
NC_046221.1 120 47730 2 3 0
NC_046221.1 121 47594 0 0 2
NC_046221.1 122 47101 0 1 2
NC_046221.1 123 42758 2 3 2
NC_046221.1 124 47039 0 1 2
NC_046221.1 125 43632 0 5 4
NC_046221.1 126 46006 4 2 2
NC_046221.1 127 43737 0 2 4
NC_046221.1 128 44751 0 1 6
NC_046221.1 129 46331 3 2 1
NC_046221.1 130 38231 0 1 0
NC_046221.1 131 32639 1 0 4
NC_046221.1 132 45984 0 1 4
NC_046221.1 133 49221 0 0 2
NC_046221.1 134 48087 1 1 1
NC_046221.1 135 45918 0 1 3
NC_046221.1 136 32017 5 4 3
NC_046221.1 137 42463 1 1 3
NC_046221.1 138 28227 3 2 2
NC_046221.1 139 44510 0 2 2
NC_046221.1 140 45002 2 1 0
NC_046221.1 141 46688 1 2 3
NC_046221.1 142 44145 0 1 4
NC_046221.1 143 30719 1 0 4
NC_046221.1 144 30152 0 2 2
NC_046221.1 145 44574 0 4 8
NC_046221.1 146 15967 0 1 0
NC_046221.1 147 16416 1 0 0
NC_046221.1 148 18938 1 3 0
NC_046221.1 149 40518 4 3 0
NC_046221.1 150 44746 1 1 3
NC_046221.1 151 45078 0 0 1
NC_046221.1 152 44559 1 0 1
NC_046221.1 153 40301 9 0 3
NC_046221.1 154 40410 1 1 4
NC_046221.1 155 29712 0 0 0
NC_046221.1 156 46586 1 1 4
NC_046221.1 157 22169 0 2 3
NC_046221.1 158 24798 0 4 4
NC_046221.1 159 46985 4 1 4
NC_046221.1 160 36956 1 1 3
NC_046221.1 161 43730 0 3 2
NC_046221.1 162 42840 2 5 3
NC_046221.1 163 44623 0 3 4
NC_046221.1 164 31320 0 2 1
NC_046221.1 165 24399 2 0 1
NC_046222.1 1 36072 0 28 0
NC_046222.1 2 39914 3 1 3
NC_046222.1 3 42669 0 3 1
NC_046222.1 4 33983 1 1 4
NC_046222.1 5 40478 0 2 2
NC_046222.1 6 43669 1 3 2
NC_046222.1 7 50986 3 2 0
NC_046222.1 8 49052 0 1 2
NC_046222.1 9 43679 4 4 1
NC_046222.1 10 47754 0 0 1
NC_046222.1 11 30051 5 0 7
NC_046222.1 12 36168 0 6 0
NC_046222.1 13 50793 1 7 1
NC_046222.1 14 45437 2 4 1
NC_046222.1 15 53297 0 4 4
NC_046222.1 16 49481 1 3 0
NC_046222.1 17 45683 0 5 3
NC_046222.1 18 41676 1 12 6
NC_046222.1 19 42276 1 3 0
NC_046222.1 20 40109 0 1 1
NC_046222.1 21 37440 0 137 0
NC_046222.1 22 35101 0 209 0
NC_046222.1 23 33241 0 179 0
NC_046222.1 24 36489 0 26 0
NC_046222.1 25 26384 10 16 1
NC_046222.1 26 27909 0 2 0
NC_046222.1 27 11957 0 2 1
NC_046222.1 28 37214 0 2 0
NC_046222.1 29 41730 0 1 1
NC_046222.1 30 41832 0 1 2
NC_046222.1 31 41228 0 5 2
NC_046222.1 32 42363 1 3 0
NC_046222.1 33 43663 2 1 1
NC_046222.1 34 44778 1 0 0
NC_046222.1 35 46762 0 0 0
NC_046222.1 36 45215 1 1 5
NC_046222.1 37 45666 3 1 2
NC_046222.1 38 47874 0 1 3
NC_046222.1 39 47211 1 0 3
NC_046222.1 40 45453 1 0 9
NC_046222.1 41 45145 0 3 1
NC_046222.1 42 49754 0 5 8
NC_046222.1 43 38314 1 0 1
NC_046222.1 44 45754 2 0 2
NC_046222.1 45 21257 1 0 1
NC_046222.1 46 38494 1 4 1
NC_046222.1 47 44811 1 1 0
NC_046222.1 48 39874 1 3 5
NC_046222.1 49 46605 1 2 3
NC_046222.1 50 30091 1 2 3
NC_046222.1 51 31842 0 2 3
NC_046222.1 52 47342 0 5 1
NC_046222.1 53 33704 2 3 4
NC_046222.1 54 35770 0 1 2
NC_046222.1 55 45667 0 3 2
NC_046222.1 56 48476 1 4 1
NC_046222.1 57 45524 0 4 1
NC_046222.1 58 45217 1 1 2
NC_046222.1 59 44275 2 2 3
NC_046222.1 60 48298 0 2 1
NC_046222.1 61 43281 1 2 1
NC_046222.1 62 46661 1 2 2
NC_046222.1 63 43673 0 3 1
NC_046222.1 64 46842 1 2 9
NC_046222.1 65 36926 0 1 2
NC_046222.1 66 36899 1 2 2
NC_046222.1 67 47698 1 1 1
NC_046222.1 68 42766 0 0 1
NC_046222.1 69 36459 0 2 1
NC_046222.1 70 47253 1 5 1
NC_046222.1 71 42850 0 2 1
NC_046222.1 72 43570 1 0 0
NC_046222.1 73 47156 1 0 5
NC_046222.1 74 46802 1 0 1
NC_046222.1 75 46792 3 7 1
NC_046222.1 76 46429 0 2 3
NC_046222.1 77 49294 6 19 3
NC_046222.1 78 27151 0 0 2
NC_046222.1 79 27075 0 0 1
NC_046222.1 80 33523 0 3 0
NC_046222.1 81 41531 0 3 3
NC_046222.1 82 48959 0 2 2
NC_046222.1 83 44930 4 2 3
NC_046222.1 84 42423 0 1 2
NC_046222.1 85 39414 1 2 2
NC_046222.1 86 48423 0 2 1
NC_046222.1 87 37477 2 115 0
NC_046222.1 88 39807 0 5 0
NC_046222.1 89 46998 2 1 3
NC_046222.1 90 39449 0 1 4
NC_046222.1 91 43796 1 2 1
NC_046222.1 92 45580 62 5 1
NC_046222.1 93 44741 2 1 2
NC_046222.1 94 41772 2 2 3
NC_046222.1 95 42633 3 1 1
NC_046222.1 96 41337 0 3 2
NC_046222.1 97 48089 0 1 2
NC_046222.1 98 44751 2 2 4
NC_046222.1 99 47432 4 2 1
NC_046222.1 100 45511 0 2 0
NC_046222.1 101 47023 1 4 4
NC_046222.1 102 46243 1 1 4
NC_046222.1 103 45454 0 0 0
NC_046222.1 104 42509 1 5 2
NC_046222.1 105 46529 1 2 0
NC_046222.1 106 46830 2 3 1
NC_046222.1 107 45885 2 1 1
NC_046222.1 108 44422 1 1 1
NC_046222.1 109 42919 1 4 5
NC_046222.1 110 47398 3 3 2
NC_046222.1 111 45152 0 1 4
NC_046222.1 112 45571 1 1 0
NC_046222.1 113 48860 0 0 2
NC_046222.1 114 47177 0 9 0
NC_046222.1 115 46989 2 5 2
NC_046222.1 116 46889 1 6 3
NC_046222.1 117 41281 1 1 2
NC_046222.1 118 44066 1 3 2
NC_046222.1 119 43551 1 24 3
NC_046222.1 120 40094 0 2 0
NC_046222.1 121 36352 0 2 2
NC_046222.1 122 40108 1 1 0
NC_046222.1 123 35303 2 1 4
NC_046222.1 124 58303 1 3 2
NC_046223.1 1 43897 1 0 2
NC_046223.1 2 40782 1 0 2
NC_046223.1 3 34632 1 1 1
NC_046223.1 4 33798 0 0 4
NC_046223.1 5 41601 2 3 1
NC_046223.1 6 21215 0 2 0
NC_046223.1 7 44359 1 3 0
NC_046223.1 8 42754 1 4 1
NC_046223.1 9 22667 2 7 1
NC_046223.1 10 40902 5 2 0
NC_046223.1 11 41363 0 2 0
NC_046223.1 12 42316 1 0 3
NC_046223.1 13 41850 0 5 0
NC_046223.1 14 24698 0 536 0
NC_046223.1 15 40012 0 1619 0
NC_046223.1 16 36538 0 608 0
NC_046223.1 17 12881 0 82 0
NC_046223.1 18 36308 0 1334 0
NC_046223.1 19 41643 1 68 2
NC_046223.1 20 43334 0 11 3
NC_046223.1 21 41844 0 1 1
NC_046223.1 22 42033 2 5 0
NC_046223.1 23 44022 1 1 0
NC_046223.1 24 38977 3 2 1
NC_046223.1 25 42795 2 2 4
NC_046223.1 26 46170 2 0 1
NC_046223.1 27 43490 3 2 1
NC_046223.1 28 38239 0 1 0
NC_046223.1 29 45851 0 3 0
NC_046223.1 30 37844 0 1 0
NC_046223.1 31 46158 1 4 2
NC_046223.1 32 45134 0 2 0
NC_046223.1 33 42477 0 0 0
NC_046223.1 34 43473 0 1 5
NC_046223.1 35 43607 0 0 2
NC_046223.1 36 48049 1 2 0
NC_046223.1 37 36427 0 1 2
NC_046223.1 38 47704 2 1 2
NC_046223.1 39 44043 1 0 0
NC_046223.1 40 47614 0 1 1
NC_046223.1 41 48432 0 2 0
NC_046223.1 42 48109 0 2 5
NC_046223.1 43 48763 0 2 2
NC_046223.1 44 45607 0 2 2
NC_046223.1 45 46299 0 1 4
NC_046223.1 46 46038 1 2 0
NC_046223.1 47 40385 2 1 2
NC_046223.1 48 50308 1 2 5
NC_046223.1 49 47750 0 2 1
NC_046223.1 50 47255 0 2 2
NC_046223.1 51 49735 0 2 1
NC_046223.1 52 47705 0 6 3
NC_046223.1 53 45794 1 3 1
NC_046223.1 54 47418 2 7 9
NC_046223.1 55 43754 0 3 6
NC_046223.1 56 41717 0 3 7
NC_046223.1 57 44181 0 0 4
NC_046223.1 58 31221 3 1 2
NC_046223.1 59 47225 0 2 1
NC_046223.1 60 45032 0 2 2
NC_046223.1 61 46045 0 2 1
NC_046223.1 62 47780 0 0 7
NC_046223.1 63 49306 2 2 1
NC_046223.1 64 46191 1 2 4
NC_046223.1 65 45494 2 1 1
NC_046223.1 66 48459 0 2 0
NC_046223.1 67 30692 1 3 2
NC_046223.1 68 36457 2 0 1
NC_046223.1 69 47414 1 4 1
NC_046223.1 70 47884 1 4 3
NC_046223.1 71 48037 0 7 0
NC_046223.1 72 46675 1 0 2
NC_046223.1 73 42554 0 2 2
NC_046223.1 74 42887 0 2 4
NC_046223.1 75 47965 2 2 2
NC_046223.1 76 46666 0 2 1
NC_046223.1 77 44311 2 2 3
NC_046223.1 78 43836 1 2 1
NC_046223.1 79 47488 2 5 0
NC_046223.1 80 46636 1 4 3
NC_046223.1 81 40911 0 0 5
NC_046223.1 82 40736 3 1 1
NC_046223.1 83 44511 2 4 2
NC_046223.1 84 46834 0 7 4
NC_046223.1 85 47559 1 0 3
NC_046223.1 86 46147 0 1 4
NC_046223.1 87 47601 1 3 2
NC_046223.1 88 45832 3 0 2
NC_046223.1 89 48625 1 3 1
NC_046223.1 90 44690 0 3 0
NC_046223.1 91 46657 2 2 2
NC_046223.1 92 48564 0 10 2
NC_046223.1 93 36966 1 0 3
NC_046223.1 94 47337 0 2 2
NC_046223.1 95 41895 1 3 5
NC_046223.1 96 30501 0 3 0
NC_046223.1 97 38958 0 3 2
NC_046223.1 98 40424 1 3 0
NC_046223.1 99 47131 1 5 1
NC_046223.1 100 47961 1 3 0
NC_046223.1 101 46847 5 3 0
NC_046223.1 102 42543 0 7 0
NC_046223.1 103 42530 0 4 1
NC_046223.1 104 46125 0 4 1
NC_046223.1 105 46253 1 2 4
NC_046223.1 106 47092 0 4 3
NC_046223.1 107 46544 1 1 1
NC_046223.1 108 29468 0 1 1
NC_046223.1 109 32050 0 6 5
NC_046223.1 110 40738 8 4 5
NC_046223.1 111 29564 0 3 3
NC_046223.1 112 44857 0 1 8
NC_046223.1 113 42035 4 5 2
NC_046223.1 114 42715 1 8 3
NC_046223.1 115 42251 0 2 1
NC_046223.1 116 35565 0 2 1
NC_046223.1 117 28663 0 1 0
NC_046223.1 118 39745 1 2 1
NC_046223.1 119 36187 1 3 5
NC_046223.1 120 31009 0 0 4
NC_046224.1 1 21252 1 1 1
NC_046224.1 2 22092 0 0 2
NC_046224.1 3 37962 3 2 3
NC_046224.1 4 31999 2 4 3
NC_046224.1 5 42158 3 0 3
NC_046224.1 6 43712 0 4 0
NC_046224.1 7 32391 1 1 6
NC_046224.1 8 41026 1 1 0
NC_046224.1 9 42736 2 0 0
NC_046224.1 10 47765 2 1 3
NC_046224.1 11 50019 0 3 3
NC_046224.1 12 48004 0 1 3
NC_046224.1 13 47946 0 5 4
NC_046224.1 14 45915 0 0 3
NC_046224.1 15 46596 2 3 3
NC_046224.1 16 47659 0 3 1
NC_046224.1 17 47483 6 1 1
NC_046224.1 18 44159 4 0 0
NC_046224.1 19 48259 1 3 3
NC_046224.1 20 48277 2 5 3
NC_046224.1 21 44823 0 5 3
NC_046224.1 22 30166 1 1 1
NC_046224.1 23 40951 0 5 1
NC_046224.1 24 44266 0 3 2
NC_046224.1 25 39841 1 2 1
NC_046224.1 26 40217 1 3 2
NC_046224.1 27 44323 4 1 1
NC_046224.1 28 42826 0 1 3
NC_046224.1 29 44764 0 4 0
NC_046224.1 30 44011 1 3 0
NC_046224.1 31 42829 1 1 0
NC_046224.1 32 45400 1 6 2
NC_046224.1 33 41406 0 0 4
NC_046224.1 34 46080 2 6 1
NC_046224.1 35 44261 2 0 2
NC_046224.1 36 47083 0 1 2
NC_046224.1 37 48363 0 2 1
NC_046224.1 38 45654 1 2 3
NC_046224.1 39 38374 0 0 7
NC_046224.1 40 44784 0 1 0
NC_046224.1 41 44236 1 1 0
NC_046224.1 42 49243 0 2 8
NC_046224.1 43 46584 2 10 1
NC_046224.1 44 47908 0 1 2
NC_046224.1 45 49624 0 10 1
NC_046224.1 46 48483 0 1 1
NC_046224.1 47 48276 0 1 1
NC_046224.1 48 49293 0 1 6
NC_046224.1 49 48937 0 2 2
NC_046224.1 50 47585 0 3 2
NC_046224.1 51 43157 0 0 1
NC_046224.1 52 47246 0 0 4
NC_046224.1 53 50161 1 3 1
NC_046224.1 54 51353 1 2 0
NC_046224.1 55 49144 1 0 3
NC_046224.1 56 49583 0 2 4
NC_046224.1 57 48737 0 3 1
NC_046224.1 58 45679 1 1 4
NC_046224.1 59 44746 0 2 3
NC_046224.1 60 43189 1 2 2
NC_046224.1 61 36433 0 0 1
NC_046224.1 62 20065 1 7 0
NC_046224.1 63 32303 1 2 1
NC_046224.1 64 39788 0 42 0
NC_046224.1 65 38947 0 2097 0
NC_046224.1 66 22277 0 790 0
NC_046224.1 67 19099 0 488 0
NC_046224.1 68 27531 0 1510 0
NC_046224.1 69 37304 0 610 0
NC_046224.1 70 30002 4 9 7
NC_046224.1 71 40863 0 4 2
NC_046224.1 72 42324 1 1 2
NC_046224.1 73 40569 0 4 3
NC_046224.1 74 39210 0 2 1
NC_046224.1 75 40837 0 3 0
NC_046224.1 76 36485 0 2 0
NC_046224.1 77 22574 0 0 0
NC_046225.1 1 43082 0 10 1
NC_046225.1 2 45942 1 2 1
NC_046225.1 3 46295 3 0 0
NC_046225.1 4 46517 0 3 1
NC_046225.1 5 44400 2 0 1
NC_046225.1 6 45471 2 4 4
NC_046225.1 7 37974 0 3 7
NC_046225.1 8 45656 1 2 1
NC_046225.1 9 42360 0 1 2
NC_046225.1 10 47285 1 0 3
NC_046225.1 11 41657 2 4 0
NC_046225.1 12 42251 2 2 3
NC_046225.1 13 44450 0 2 5
NC_046225.1 14 39595 0 1 2
NC_046225.1 15 42417 0 2 4
NC_046225.1 16 46412 1 2 3
NC_046225.1 17 41368 0 2 1
NC_046225.1 18 41473 1 4 2
NC_046225.1 19 44929 0 37 0
NC_046225.1 20 41060 0 55 0
NC_046225.1 21 37854 0 842 0
NC_046225.1 22 33927 0 636 0
NC_046225.1 23 34449 0 639 0
NC_046225.1 24 36891 1 202 2
NC_046225.1 25 40561 0 12 2
NC_046225.1 26 40448 0 2 0
NC_046225.1 27 40263 0 8 2
NC_046225.1 28 29929 0 4 3
NC_046225.1 29 35139 0 1 1
NC_046225.1 30 34630 0 4 0
NC_046225.1 31 36579 0 5 3
NC_046225.1 32 40457 1 0 2
NC_046225.1 33 42790 2 0 0
NC_046225.1 34 39693 0 13 0
NC_046225.1 35 37944 5 3 3
NC_046225.1 36 42056 0 1 1
NC_046225.1 37 41363 2 2 1
NC_046225.1 38 43498 1 0 7
NC_046225.1 39 44156 0 2 0
NC_046225.1 40 45168 0 8 0
NC_046225.1 41 41232 3 8 4
NC_046225.1 42 42394 1 2 2
NC_046225.1 43 43302 2 0 0
NC_046225.1 44 42742 4 9 2
NC_046225.1 45 42737 0 3 2
NC_046225.1 46 42855 1 1 2
NC_046225.1 47 44898 1 0 1
NC_046225.1 48 44894 3 4 4
NC_046225.1 49 44099 0 4 1
NC_046225.1 50 40588 0 7 1
NC_046225.1 51 43261 0 1 1
NC_046225.1 52 46551 0 2 3
NC_046225.1 53 45809 2 4 3
NC_046225.1 54 44470 1 3 1
NC_046225.1 55 41231 0 3 3
NC_046225.1 56 40146 1 2 1
NC_046225.1 57 43140 2 7 0
NC_046225.1 58 43446 1 3 3
NC_046225.1 59 41826 2 1 3
NC_046225.1 60 45824 4 2 6
NC_046225.1 61 44006 1 2 1
NC_046225.1 62 43811 0 4 1
NC_046225.1 63 48758 1 1 4
NC_046225.1 64 48588 1 3 2
NC_046225.1 65 41863 0 3 5
NC_046225.1 66 30556 0 2 0
NC_046225.1 67 20768 1 2 2
NC_046225.1 68 46401 1 20 1
NC_046225.1 69 41353 0 5 2
NC_046225.1 70 39809 0 2 2
NC_046225.1 71 44733 1 1 1
NC_046225.1 72 45212 5 2 4
NC_046225.1 73 47876 1 2 4
NC_046225.1 74 42443 1 0 2
NC_046225.1 75 37601 2 2 2
NC_046225.1 76 60195 0 1 3
NC_046226.1 1 28757 0 11 2
NC_046226.1 2 38232 1 3 3
NC_046226.1 3 35391 0 9 3
NC_046226.1 4 38766 0 0 4
NC_046226.1 5 31398 0 2 1
NC_046226.1 6 32098 2 1 2
NC_046226.1 7 42496 0 3 1
NC_046226.1 8 40901 2 4 6
NC_046226.1 9 37584 0 0 2
NC_046226.1 10 40254 1 3 2
NC_046226.1 11 42453 1 2 4
NC_046226.1 12 41470 0 0 0
NC_046226.1 13 44788 1 1 1
NC_046226.1 14 36794 1 2 3
NC_046226.1 15 39808 0 1 2
NC_046226.1 16 38846 0 1 0
NC_046226.1 17 45846 1 5 1
NC_046226.1 18 46753 4 3 0
NC_046226.1 19 46691 0 2 1
NC_046226.1 20 49857 1 2 0
NC_046226.1 21 47467 1 8 2
NC_046226.1 22 42620 0 3 3
NC_046226.1 23 41733 1 0 2
NC_046226.1 24 40875 3 2 1
NC_046226.1 25 46340 2 3 1
NC_046226.1 26 44229 0 3 1
NC_046226.1 27 41360 2 2 1
NC_046226.1 28 44812 2 3 2
NC_046226.1 29 43172 1 1 0
NC_046226.1 30 47952 0 3 2
NC_046226.1 31 38752 0 2 1
NC_046226.1 32 41698 1 3 0
NC_046226.1 33 45194 2 2 1
NC_046226.1 34 43765 0 1 3
NC_046226.1 35 42407 0 4 3
NC_046226.1 36 35711 0 1 1
NC_046226.1 37 45134 0 3 0
NC_046226.1 38 47337 1 1 1
NC_046226.1 39 42453 0 6 5
NC_046226.1 40 40404 0 4 3
NC_046226.1 41 42372 1 11 3
NC_046226.1 42 39595 0 194 3
NC_046226.1 43 44077 0 2187 0
NC_046226.1 44 41792 0 2095 0
NC_046226.1 45 36634 0 1141 0
NC_046226.1 46 36975 0 2885 0
NC_046226.1 47 38152 1 195 0
NC_046226.1 48 36214 0 291 1
NC_046226.1 49 42645 10 15 1
NC_046226.1 50 46349 0 3 2
NC_046226.1 51 42763 1 0 1
NC_046226.1 52 42387 0 2 2
NC_046226.1 53 45960 1 1 0
NC_046226.1 54 39884 0 3 3
NC_046226.1 55 38048 2 3 2
NC_046226.1 56 36770 0 4 4
NC_046226.1 57 39378 0 0 1
NC_046226.1 58 46522 1 0 2
NC_046226.1 59 34024 2 2 2
NC_046226.1 60 41569 1 1 1
NC_046226.1 61 42792 0 3 1
NC_046226.1 62 41640 2 0 0
NC_046226.1 63 60635 1 6 4
NC_046227.1 1 36229 1 1 1
NC_046227.1 2 37733 0 36 1
NC_046227.1 3 37785 0 2 2
NC_046227.1 4 43017 1 5 5
NC_046227.1 5 42409 0 2 1
NC_046227.1 6 47269 1 9 4
NC_046227.1 7 48955 0 26 0
NC_046227.1 8 42232 0 5 0
NC_046227.1 9 33850 0 7 0
NC_046227.1 10 41329 0 6 0
NC_046227.1 11 42450 3 8 18
NC_046227.1 12 41897 1 6 4
NC_046227.1 13 35391 0 3 0
NC_046227.1 14 44433 2 1 2
NC_046227.1 15 45949 0 3 3
NC_046227.1 16 44324 0 1 0
NC_046227.1 17 40515 0 3 2
NC_046227.1 18 43958 0 1 1
NC_046227.1 19 44066 1 2 0
NC_046227.1 20 37052 0 1 1
NC_046227.1 21 39727 0 2 2
NC_046227.1 22 41130 1 3 1
NC_046227.1 23 41250 0 1 3
NC_046227.1 24 39006 1 2 0
NC_046227.1 25 40085 2 1 8
NC_046227.1 26 46501 0 1 1
NC_046227.1 27 40776 2 1 0
NC_046227.1 28 40057 1 4 1
NC_046227.1 29 42976 3 1 1
NC_046227.1 30 41742 4 1 1
NC_046227.1 31 28616 2 3 2
NC_046227.1 32 27461 1 2 2
NC_046227.1 33 44161 3 1 3
NC_046227.1 34 39586 0 0 3
NC_046227.1 35 26392 0 2 2
NC_046227.1 36 33693 0 2 1
NC_046227.1 37 36467 0 0 0
NC_046227.1 38 41070 1 0 3
NC_046227.1 39 19869 1 1 0
NC_046227.1 40 43448 0 80 2
NC_046228.1 1 33455 2 52 0
NC_046228.1 2 33200 0 0 0
NC_046228.1 3 41377 1 3 3
NC_046228.1 4 41179 2 1 1
NC_046228.1 5 38459 0 1 6
NC_046228.1 6 43589 0 1 3
NC_046228.1 7 41014 2 2 3
NC_046228.1 8 43701 0 1 1
NC_046228.1 9 40131 2 0 2
NC_046228.1 10 44268 0 0 1
NC_046228.1 11 43168 0 3 2
NC_046228.1 12 43288 1 1 3
NC_046228.1 13 41014 0 5 0
NC_046228.1 14 40152 0 4 0
NC_046228.1 15 42754 1 19 2
NC_046228.1 16 44923 8 0 2
NC_046228.1 17 46678 1 3 3
NC_046228.1 18 43814 0 2 6
NC_046228.1 19 44491 0 18 5
NC_046228.1 20 39040 0 2 2
NC_046228.1 21 42385 0 1 0
NC_046228.1 22 40579 2 27 4
NC_046228.1 23 37059 0 63 2
NC_046228.1 24 37916 0 88 0
NC_046228.1 25 36094 0 348 0
NC_046228.1 26 36329 0 613 0
NC_046228.1 27 40896 1 511 2
NC_046228.1 28 46087 2 17 0
NC_046228.1 29 33474 0 5 2
NC_046228.1 30 49196 3 4 4
NC_046228.1 31 42050 1 1 1
NC_046228.1 32 42645 0 1 7
NC_046228.1 33 45112 1 4 2
NC_046228.1 34 36899 3 2 1
NC_046228.1 35 45032 0 1 1
NC_046228.1 36 57762 1 11 2
NC_046229.1 1 31625 3 0 2
NC_046229.1 2 25063 0 1 1
NC_046229.1 3 25663 1 3 1
NC_046229.1 4 33746 0 3 0
NC_046229.1 5 37799 0 2 4
NC_046229.1 6 39355 0 0 2
NC_046229.1 7 42526 1 3 1
NC_046229.1 8 29190 1 1 1
NC_046229.1 9 31931 1 3 3
NC_046229.1 10 40885 1 4 3
NC_046229.1 11 33524 2 34 3
NC_046229.1 12 34349 0 511 0
NC_046229.1 13 35611 0 1005 0
NC_046229.1 14 31613 0 749 0
NC_046229.1 15 34545 0 856 0
NC_046229.1 16 39096 0 756 0
NC_046229.1 17 36605 0 35 1
NC_046229.1 18 39862 2 2 1
NC_046229.1 19 43378 1 1 1
NC_046229.1 20 42106 0 2 1
NC_046229.1 21 46204 0 4 2
NC_046229.1 22 27983 1 4 2
NC_046229.1 23 36142 0 4 2
NC_046229.1 24 44042 2 3 1
NC_046229.1 25 46895 2 6 1
NC_046229.1 26 46014 0 1 1
NC_046229.1 27 44504 0 2 1
NC_046229.1 28 27008 2 3 3
NC_046229.1 29 29746 1 1 2
NC_046229.1 30 42044 2 2 2
NC_046229.1 31 42664 2 1 0
NC_046229.1 32 43213 4 0 3
NC_046229.1 33 51393 1 17 1
NC_046230.1 1 40099 1 69 2
NC_046230.1 2 44665 2 4 5
NC_046230.1 3 39374 0 3 6
NC_046230.1 4 41974 1 2 10
NC_046230.1 5 37766 1 2 1
NC_046230.1 6 42793 1 3 2
NC_046230.1 7 43173 0 1 6
NC_046230.1 8 46133 2 5 4
NC_046230.1 9 33361 2 1 1
NC_046230.1 10 46068 1 4 0
NC_046230.1 11 44801 1 2 1
NC_046230.1 12 45301 1 2 0
NC_046230.1 13 38937 2 6 3
NC_046230.1 14 42273 1 4 2
NC_046230.1 15 34208 0 0 4
NC_046230.1 16 43017 1 0 2
NC_046230.1 17 39765 0 5 1
NC_046230.1 18 39657 0 1 4
NC_046230.1 19 39758 0 1 2
NC_046230.1 20 40983 0 2 2
NC_046230.1 21 42675 2 2 3
NC_046230.1 22 42272 4 2 1
NC_046230.1 23 40501 0 5 2
NC_046230.1 24 42256 2 0 2
NC_046230.1 25 40899 0 3 3
NC_046230.1 26 54538 1 7 1
NC_046231.1 1 36343 0 14 0
NC_046231.1 2 39566 1 26 1
NC_046231.1 3 38564 0 48 0
NC_046231.1 4 38431 0 148 0
NC_046231.1 5 27532 0 446 0
NC_046231.1 6 28775 0 1025 0
NC_046231.1 7 23443 0 777 0
NC_046231.1 8 38986 2 150 0
NC_046231.1 9 40036 0 76 0
NC_046231.1 10 40444 0 18 0
NC_046231.1 11 41028 0 41 1
NC_046231.1 12 35085 0 8 0
NC_046231.1 13 43392 0 24 0
NC_046231.1 14 36118 0 1759 0
NC_046231.1 15 37990 1 132 1
NC_046231.1 16 39964 0 0 1
NC_046231.1 17 37339 0 1 0
NC_046231.1 18 41553 0 1 5
NC_046231.1 19 37973 2 3 6
NC_046231.1 20 39100 0 2 2
NC_046231.1 21 23267 0 1 4
NC_046231.1 22 40022 0 23 1
NC_046232.1 1 25352 0 1 0
NC_046232.1 2 38468 0 2 0
NC_046232.1 3 44324 3 0 3
NC_046232.1 4 40624 3 1 1
NC_046232.1 5 44225 1 140 1
NC_046232.1 6 38689 0 3093 0
NC_046232.1 7 30755 0 1747 0
NC_046232.1 8 36884 0 3132 0
NC_046232.1 9 40431 0 1844 0
NC_046232.1 10 42946 0 482 0
NC_046232.1 11 39565 0 260 0
NC_046232.1 12 41033 0 126 1
NC_046232.1 13 35077 7 85 1
NC_046232.1 14 38213 0 52 1
NC_046232.1 15 39117 0 48 3
NC_046232.1 16 39098 0 49 2
NC_046232.1 17 32610 0 120 2
NC_046232.1 18 34286 1 116 0
NC_046232.1 19 36370 0 109 1
NC_046232.1 20 27147 2 99 0
NC_046232.1 21 57956 0 1497 0
NC_046233.1 1 36358 2 5 0
NC_046233.1 2 40970 0 2 4
NC_046233.1 3 36731 0 1 5
NC_046233.1 4 34210 1 2 4
NC_046233.1 5 33889 1 1 1
NC_046233.1 6 37409 2 2 3
NC_046233.1 7 24619 1 1 2
NC_046233.1 8 37476 1 1 1
NC_046233.1 9 37653 0 3 4
NC_046233.1 10 36393 1 6 3
NC_046233.1 11 38066 0 61 0
NC_046233.1 12 33710 0 346 0
NC_046233.1 13 34756 0 2249 0
NC_046233.1 14 37001 0 3445 0
NC_046233.1 15 40842 1 720 0
NC_046233.1 16 40911 1 4 1
NC_046233.1 17 41870 1 0 3
NC_046233.1 18 40705 1 2 0
NC_046233.1 19 42009 0 3 7
NC_046233.1 20 36329 0 2 2
NC_046233.1 21 59924 0 9 1
NC_046234.1 1 38264 0 251 0
NC_046234.1 2 41852 0 2 1
NC_046234.1 3 44208 2 3 4
NC_046234.1 4 38693 0 1 0
NC_046234.1 5 41234 3 1 1
NC_046234.1 6 41634 3 1 3
NC_046234.1 7 38757 1 1 1
NC_046234.1 8 35610 1 103 0
NC_046234.1 9 32145 0 981 0
NC_046234.1 10 20087 0 548 0
NC_046234.1 11 31989 0 412 0
NC_046234.1 12 38781 0 1008 0
NC_046234.1 13 42583 0 157 2
NC_046234.1 14 39722 0 3 2
NC_046234.1 15 40008 0 1 2
NC_046234.1 16 42361 1 1 1
NC_046234.1 17 41194 0 2 1
NC_046234.1 18 38879 1 1 1
NC_046234.1 19 35501 1 1 0
NC_046234.1 20 79167 0 8 3
NC_046235.1 1 41582 0 4 3
NC_046235.1 2 33490 2 0 1
NC_046235.1 3 20775 0 11 0
NC_046235.1 4 34074 0 1 1
NC_046235.1 5 38569 1 14 2
NC_046235.1 6 43665 0 1 3
NC_046235.1 7 25411 0 4 0
NC_046235.1 8 44754 1 2 2
NC_046235.1 9 42455 1 1 0
NC_046235.1 10 41839 1 2 3
NC_046235.1 11 43590 1 1 4
NC_046235.1 12 39106 0 1 2
NC_046235.1 13 34556 0 1 0
NC_046235.1 14 38231 2 4 1
NC_046235.1 15 37574 2 0 3
NC_046235.1 16 36562 1 2 2
NC_046235.1 17 36905 2 0 9
NC_046235.1 18 38552 0 2 0
NC_046235.1 19 49672 0 7 0
NC_046236.1 1 34643 0 702 0
NC_046236.1 2 39633 2 2 2
NC_046236.1 3 35294 1 3 2
NC_046236.1 4 40804 0 0 1
NC_046236.1 5 42210 1 0 6
NC_046236.1 6 41339 2 1 2
NC_046236.1 7 43133 1 2 0
NC_046236.1 8 41538 1 1 3
NC_046236.1 9 44106 1 1 4
NC_046236.1 10 46375 0 4 3
NC_046236.1 11 41781 2 2 4
NC_046236.1 12 38640 0 9 5
NC_046236.1 13 38621 1 2 2
NC_046236.1 14 38095 2 18 3
NC_046236.1 15 36619 1 1 2
NC_046236.1 16 57558 1 48 2
NC_046237.1 1 35720 0 5 1
NC_046237.1 2 29288 0 1 0
NC_046237.1 3 38553 1 1 5
NC_046237.1 4 39625 0 0 0
NC_046237.1 5 39095 0 3 2
NC_046237.1 6 39595 1 0 4
NC_046237.1 7 40801 3 3 4
NC_046237.1 8 38474 0 0 2
NC_046237.1 9 39125 0 2 4
NC_046237.1 10 33422 3 0 2
NC_046237.1 11 34441 2 3 5
NC_046237.1 12 38498 0 2 0
NC_046237.1 13 34911 0 7 3
NC_046237.1 14 31450 1 7 0
NC_046237.1 15 60766 1 10 1
NC_046238.1 1 34182 0 17 1
NC_046238.1 2 38086 1 9 1
NC_046238.1 3 36727 1 6 3
NC_046238.1 4 39099 0 13 1
NC_046238.1 5 39394 0 11 1
NC_046238.1 6 38812 0 8 2
NC_046238.1 7 35675 1 7 0
NC_046238.1 8 41869 2 6 2
NC_046238.1 9 33059 2 6 1
NC_046238.1 10 37552 1 3 1
NC_046238.1 11 38679 1 9 2
NC_046238.1 12 38181 0 8 0
NC_046238.1 13 37670 1 8 1
NC_046238.1 14 39251 1 8 0
NC_046240.1 1 39401 0 8 0
NC_046240.1 2 40089 0 2 5
NC_046240.1 3 38433 1 1 4
NC_046240.1 4 37615 1 6 1
NC_046240.1 5 40690 2 1 1
NC_046240.1 6 41149 2 1 2
NC_046240.1 7 38412 0 388 0
NC_046240.1 8 38496 2 6 1
NC_046240.1 9 38068 1 3 1
NC_046240.1 10 38058 1 4 0
NC_046240.1 11 34606 1 2 2
NC_046240.1 12 41553 1 1 7
NC_046241.1 1 38194 1 399 0
NC_046241.1 2 37299 0 1 2
NC_046241.1 3 36570 2 2 2
NC_046241.1 4 38028 0 1 1
NC_046241.1 5 38224 0 5 4
NC_046241.1 6 38031 0 7 2
NC_046241.1 7 38125 0 0 2
NC_046241.1 8 37524 0 0 2
NC_046241.1 9 36103 1 1 4
NC_046241.1 10 37820 0 0 2
NC_046241.1 11 44208 3 6 0
NC_046242.1 1 35665 0 1 0
NC_046242.1 2 35078 2 2 3
NC_046242.1 3 36972 2 1 4
NC_046242.1 4 37677 2 1 1
NC_046242.1 5 28827 1 342 0
NC_046242.1 6 31571 0 80 0
NC_046242.1 7 32960 1 179 2
NC_046242.1 8 42722 0 1 2
NC_046242.1 9 42558 0 3 2
NC_046242.1 10 37463 1 1 4
NC_046242.1 11 43706 0 1 3
NC_046243.1 1 21439 0 0 2
NC_046243.1 2 22149 1 5 3
NC_046243.1 3 30181 0 2 6
NC_046243.1 4 6844 1 3 3
NC_046243.1 5 14669 0 3 2
NC_046243.1 6 24982 0 17 1
NC_046243.1 7 34974 0 1 3
NC_046243.1 8 34780 0 38 1
NC_046244.1 1 37539 1 493 0
NC_046244.1 2 39949 0 8 3
NC_046244.1 3 41047 1 2 0
NC_046244.1 4 23281 3 3 5
NC_046244.1 5 35389 2 3 2
NC_046244.1 6 36013 0 4 1
NC_046244.1 7 31586 0 2 2
NC_046244.1 8 45960 1 20 1
NC_046245.1 1 32972 1 0 0
NC_046245.1 2 35242 3 1 7
NC_046245.1 3 30078 2 0 0
NC_046245.1 4 34915 2 0 1
NC_046245.1 5 38374 0 2 3
NC_046245.1 6 41211 0 4 2
NC_046245.1 7 34837 2 105 0
NC_046245.1 8 4741 0 6 0
NC_046246.1 1 34239 2 1 2
NC_046246.1 2 41020 1 2 2
NC_046246.1 3 41565 5 6 0
NC_046246.1 4 36684 1 1 2
NC_046246.1 5 18398 2 82 7
NC_046246.1 6 23523 0 190 0
NC_046246.1 7 56758 1 2 5
NC_046247.1 1 29527 0 123 1
NC_046247.1 2 27561 4 1 1
NC_046247.1 3 36111 1 1 1
NC_046247.1 4 32149 1 4 1
NC_046247.1 5 36905 1 0 3
NC_046247.1 6 7062 1 3 0
NC_046247.1 7 748 0 0 0
NC_046248.1 1 30840 0 359 3
NC_046248.1 2 39208 0 0 4
NC_046248.1 3 39182 1 0 2
NC_046248.1 4 38711 2 5 4
NC_046248.1 5 34319 0 2 0
NC_046248.1 6 69400 0 4 2
NC_046249.1 1 28210 1 1 0
NC_046249.1 2 23561 1 0 2
NC_046249.1 3 13328 0 0 1
NC_046249.1 4 35627 2 3 7
NC_046249.1 5 36752 0 2 5
NC_046249.1 6 57104 1 240 1
NC_046250.1 1 37518 4 1 1
NC_046250.1 2 16371 1 3 2
NC_046250.1 3 10085 1 0 1
NC_046250.1 4 29190 2 0 1
NC_046251.1 1 12626 0 0 0
NC_046251.1 2 13492 2 2 1
NC_046251.1 3 40032 0 2 3
NC_046252.1 1 6338 1 2 1
NC_046252.1 2 12092 1 2 2
NC_046253.1 1 7579 3 0 1
NC_046253.1 2 13315 1 2 2
NC_046254.1 1 10746 1 3 0
NC_046255.1 1 10401 0 0 6
NC_046256.1 1 13697 1 1 2
NC_046257.1 1 7836 0 0 1
NC_046258.1 1 3972 0 2 0
NC_046259.1 1 4779 0 0 4
NC_046260.1 1 5720 0 4 0
NC_046261.2 1 3509 0 0 0
NC_046261.2 2 4972 0 0 0
NC_046261.2 3 4312 0 5 0
NC_046261.2 4 4048 0 1 0
NC_046261.2 5 3746 0 0 0
NC_046261.2 6 4350 1 2 0
NC_046261.2 7 3757 0 4 0
NC_046261.2 8 3902 0 4 0
NC_046261.2 9 5253 0 16 0
NC_046261.2 10 4190 0 1 1
NC_046261.2 11 3915 0 0 0
NC_046261.2 12 5014 1 4 0
NC_046262.2 1 24836 1 5 2
NC_046262.2 2 41853 9 23 11
NC_046262.2 3 42203 7 34 5
NC_046262.2 4 40513 4 18 9
NC_046262.2 5 40286 4 152 5
NC_046262.2 6 37005 1 86 3
NC_046262.2 7 35814 5 29 1
NC_046262.2 8 41275 11 43 23
NC_046262.2 9 42029 9 34 13
NC_046262.2 10 40578 5 41 10
NC_046262.2 11 45965 5 58 13
NC_046262.2 12 42493 8 90 7
NC_046262.2 13 42202 3 41 4
NC_046262.2 14 43555 4 177 4
NC_046262.2 15 43353 7 89 3
NC_046262.2 16 41924 0 264 5
NC_046262.2 17 39473 0 419 3
NC_046262.2 18 44626 1 38 11
NC_046262.2 19 46287 2 54 7
NC_046262.2 20 41435 5 100 2
NC_046262.2 21 40946 7 79 7
NC_046262.2 22 40417 1 86 9
NC_046262.2 23 44140 1 63 4
NC_046262.2 24 39604 5 49 10
NC_046262.2 25 42997 7 39 13
NC_046262.2 26 44270 11 30 19
NC_046262.2 27 47542 6 16 5
NC_046262.2 28 42210 3 41 12
NC_046262.2 29 41095 5 32 6
NC_046262.2 30 40055 1 170 3
NC_046262.2 31 32190 6 119 5
NC_046262.2 32 41144 1 113 3
NC_046262.2 33 41564 2 58 8
NC_046262.2 34 38493 0 416 0
NC_046262.2 35 41063 0 562 0
NC_046262.2 36 38762 0 1363 0
NC_046262.2 37 37763 0 3651 0
NC_046262.2 38 33440 0 2594 0
NC_046262.2 39 39553 0 2649 0
NC_046262.2 40 28476 0 2732 0
NC_046262.2 41 37403 0 2454 0
NC_046262.2 42 32587 0 1485 0
NC_046262.2 43 36997 0 1255 0
NC_046262.2 44 42296 0 684 0
NC_046262.2 45 40609 0 532 2
NC_046262.2 46 39780 2 324 2
NC_046262.2 47 36699 0 328 2
NC_046262.2 48 43287 2 236 8
NC_046262.2 49 45209 5 28 8
NC_046262.2 50 4793 1 1 2
NC_046262.2 51 30446 2 22 10
NC_046262.2 52 44751 10 54 11
NC_046262.2 53 41710 5 31 11
NC_046262.2 54 43266 5 33 6
NC_046262.2 55 44052 0 41 9
NC_046262.2 56 33885 3 14 7
NC_046262.2 57 0 0 0 0
NC_046262.2 58 1141 0 0 0
NC_046262.2 59 43885 5 106 9
NC_046262.2 60 46296 3 124 9
NC_046262.2 61 44027 7 45 14
NC_046262.2 62 39750 3 324 7
NC_046262.2 63 41386 6 208 5
NC_046262.2 64 45600 11 52 10
NC_046262.2 65 41477 5 24 10
NC_046262.2 66 45287 2 74 6
NC_046262.2 67 45389 1 116 4
NC_046262.2 68 37655 8 21 11
